    -2568.039216     -6547.314638     -3797.326891         6.458278        -2.209367        -0.076621
    -1436.423824     -5431.538653     -4007.257672        -0.015594         4.517853        -6.106364
     2984.202691      -176.720794      6508.528498        -4.795316         5.200641         2.349382
     -219.841243     -6955.769665      1566.508699         2.057499        -1.655460        -6.993727
    -6340.603015     -3677.405631       769.660350         1.884915        -1.940508         6.893215
      983.782888      1404.894524     -6970.421237         0.707420        -7.294167        -1.366025
    -4226.545784      3746.042884     -3754.276534        -1.669581        -6.154428        -4.256676
   -36907.139939    -20390.700208        31.019634         1.485986        -2.691551         0.000191
    -4040.322336     -3817.380008      4609.308074         2.323401         4.297389         5.603866
   -42105.752864     -2109.705740        -1.757288         0.153815        -3.071269         0.000729
      324.774908     -5123.791037     -4299.929506         7.462166        -0.943707         1.710663
     2027.998510     -2854.859077      6288.292372        -5.467349         3.694938         3.441169
