0 ISS (ZARYA)
1 25544U 98067A   17262.25536781 +.00002362 +00000-0 +42787-4 0  9990
2 25544 051.6430 289.3839 0003612 291.7007 170.5597 15.54216953076380
0 MOLNIYA 3-50
1 25847U 99036A   17265.96578220 +.00000395 +00000-0 +13519-2 0  9991
2 25847 062.1154 233.1741 7230677 267.5515 015.8943 02.00593184133448
0 INTERCOSMOS 24          
1 20261U 89080A   17266.80147856  .00000233  00000-0  68370-4 0  9993
2 20261  82.5924 306.0532 1203172 229.3029 119.7340 12.55903743278343
0 SL-14 R/B               
1 20262U 89080C   17266.80353708  .00000054  00000-0  91528-5 0  9992
2 20262  82.5981 352.9411 1237716  31.7982 335.2112 12.48872194274027
0 H-2A R/B
1 42918U 17048B   17266.49431002  .00000393  00000-0  40945-3 0  9999
2 42918  20.0924  74.6584 7235526 203.1653  92.3334  2.30548881   819
0 ATLAS 5 CENTAUR R/B
1 42916U 17047B   17266.07152897 -.00000120 +00000-0 +00000-0 0  9996
2 42916 026.3856 325.6170 5822597 187.7545 156.2364 02.06625276000736
