0 DELTA 1 R/B(1)
1 10062U 77048B   17254.74361085 +.00000125 +00000-0 +11016-4 0  9999
2 10062 028.4193 022.8272 0736790 355.5556 003.8723 13.36589960958507
0 SL-3 R/B
1 10114U 77057B   17254.90168205 +.00000720 +00000-0 +39758-4 0  9998
2 10114 097.2047 072.8603 0014642 022.8061 337.3821 15.16802166196492
0 SL-8 R/B
1 10121U 77059B   17254.69573853 +.00000067 +00000-0 +32061-4 0  9997
2 10121 074.0495 332.9730 0019990 301.9771 057.9439 14.35827868102045
0 SL-8 R/B
1 10521U 77119B   17254.91294609 +.00000092 +00000-0 +36873-4 0  9995
2 10521 074.0267 106.4672 0020073 098.1554 262.1880 14.40683719084481
0 UME 2 (ISS-B)
1 10674U 78018A   17254.91298368 -.00000040 +00000-0 +16733-4 0  9996
2 10674 069.3606 223.7310 0165061 341.5134 083.4277 13.43604206940786
0 NOAA 15
1 25338U 98030A   17254.95170278 +.00000026 +00000-0 +30004-4 0  9998
2 25338 098.7818 266.0338 0009788 319.7729 040.2725 14.25815492005110
0 ISS (ZARYA)
1 25544U 98067A   17254.66680640 +.00005119 +00000-0 +84367-4 0  9993
2 25544 051.6442 327.2202 0003683 261.8645 193.4664 15.54175923075203
0 GOES 13
1 29155U 06018A   17254.23582367 -.00000266 +00000-0 +00000-0 0  9997
2 29155 000.0261 136.2798 0003248 333.6260 250.1416 01.00282611011292
0 NOAA 19
1 33591U 09005A   17254.91943639 +.00000124 +00000-0 +92361-4 0  9990
2 33591 099.1022 223.0169 0014633 032.0478 328.1580 14.12210051442633
0 SES 1
1 36516U 10016A   17255.22837581 -.00000134  00000-0  00000+0 0  9993
2 36516   0.0492 326.4566 0001953 207.2235 158.9712  1.00271270 27045
0 TIANGONG 1
1 37820U 11053A   17255.49954462  .00054419  00000-0  23174-3 0  9996
2 37820  42.7584  23.5840 0020484 337.8473  63.7348 15.84063895341791
0 METOP-B
1 38771U 12049A   17254.91793122 +.00000005 +00000-0 +22272-4 0  9999
2 38771 098.6704 313.6051 0001201 047.1209 064.9141 14.21509093258608
