    -3435.142049      5234.594551     -3665.779100        -6.421827        -3.707283        -0.137006     31147.000000
     6241.654728      2791.343353       271.906121        -2.689884         6.223079        -3.957777     79273.000000
     1661.045874     -6168.144365      3694.170962         6.838008         2.512197         0.297489     38197.000000
    -7093.016711     -2924.793574       161.141141         2.269415        -5.598905         3.536717     41090.000000
    -2809.213202      5509.842815     -3561.817492        -6.999758        -2.770570         0.388703      1848.000000
     6671.158454      1681.574396      -100.451477        -1.897346         6.469664        -3.940826     79661.000000
     1123.910530     -6360.961843      3782.465536         7.018307         1.519247        -0.243010     56282.000000
    -7309.066039     -2034.275951       807.356622         1.791952        -5.842792         3.501547      4831.000000
    -2106.670043      5773.272186     -3407.744332        -7.403858        -1.711794         0.906411     21704.000000
     6912.063819       540.210120      -496.184640        -1.103464         6.619523        -3.844322     59501.000000
      620.787335     -6541.483902      3767.254161         7.033428         0.550282        -0.777136     57027.000000
    -7342.652774     -1119.138166      1405.522906         1.272888        -6.118514         3.395202     49892.000000
    -1315.804047      5998.875033     -3222.567366        -7.600087        -0.576592         1.404641     17370.000000
     6961.478479      -582.292504      -922.989394        -0.317630         6.684730        -3.670362     21119.000000
      114.554256     -6719.650358      3633.532390         6.903944        -0.361752        -1.293946     71483.000000
    -7209.462110      -220.483091      1931.308874         0.673661        -6.408538         3.219454     17793.000000
     -439.540997      6156.342867     -3019.399084        -7.570138         0.577254         1.872871     82145.000000
     6830.564905     -1636.290049     -1381.062716         0.459403         6.675717        -3.422668      2099.000000
     -433.850233     -6883.372127      3376.243650         6.658546        -1.192535        -1.783295     75829.000000
    -5783.805032      -115.904379     -4261.804343        -4.345966         1.371867         5.875776      6405.000000
    -3880.579365      -633.632765     -6015.853486        -6.225824         1.157931         3.894713      8253.000000
    -1447.507207     -1011.614974     -6965.279131        -7.265278         0.752097         1.392468     76047.000000
     1185.887905     -1189.987066     -6982.615267        -7.321674         0.231361        -1.298833     38176.000000
     3661.784141     -1144.141109     -6064.306613        -6.383039        -0.310022        -3.821064     13912.000000
     5642.031984      -888.201112     -4331.792874        -4.571156        -0.776001        -5.835968     80290.000000
     6854.155442      -472.267935     -2016.349743        -2.127584        -1.084530        -7.069720     74744.000000
     7129.298493        26.197206       570.843066         0.616696        -1.181347        -7.350689     68538.000000
     6426.693019       515.574660      3079.979689         3.285135        -1.049466        -6.634984     48977.000000
     4840.708506       905.805231      5170.040584         5.507742        -0.712579        -5.015226     36305.000000
     2588.830531      1124.033994      6555.865256         6.974155        -0.231434        -2.709994     83187.000000
      -18.240809      1127.480337      7048.043877         7.479278         0.306463        -0.034401     51715.000000
    -2620.264211       911.230486      6579.571636         6.953752         0.802155         2.644296     46528.000000
    -4858.426405       509.514109      5215.141310         5.473875         1.162787         4.959166      1390.000000
    -6425.878477        -9.799407      3141.700829         3.249394         1.318134         6.595668     52768.000000
    -7110.272932      -556.521710       641.897737         0.591658         1.233089         7.335038      4366.000000
    -6822.238028     -1033.306204     -1945.366962        -2.132059         0.913961         7.082737     75172.000000
    -5606.158811     -1352.068793     -4271.338160        -4.550423         0.407738         5.878665     13965.000000
    -3632.419906     -1448.972385     -6024.201137        -6.338348        -0.205307         3.889023     54198.000000
     -957.751347      -492.499115     -6809.762444         1.860923        -7.370156         0.306690     61036.000000
      850.826870       958.949577      6792.290529        -1.815861         7.326943        -0.772519     10673.000000
     -804.775153     -1181.883640     -6738.566474         1.760587        -7.324368         1.107956      6537.000000
      717.154758      1641.286003      6681.862638        -1.703656         7.221719        -1.558864     70223.000000
     -681.169602     -1867.714292     -6589.906587         1.646607        -7.193341         1.899453     69309.000000
      613.723233      2312.671176      6496.096762        -1.581616         7.034959        -2.326070     53162.000000
     -587.807747     -2540.790297     -6365.019008         1.524754        -6.977102         2.671628     20469.000000
      540.752159      2964.495896      6237.187744        -1.455614         6.768559        -3.065938      3137.000000
     -524.743414     -3191.924547     -6066.094568         1.400885        -6.677080         3.414958     24488.000000
      497.661747      3588.391648      5908.086237        -1.331402         6.425407        -3.770662     46819.000000
     -491.207936     -3812.112849     -5696.276124         1.280801        -6.296137         4.120113     41260.000000
      483.098845      4176.338329      5512.457741        -1.214502         6.009326        -4.432859     62669.000000
     -485.626278     -4392.706187     -5259.636571         1.170101        -5.838561         4.778138     14163.000000
      494.975776      4720.764794      5054.641455        -1.110100         5.525011        -5.045598     27818.000000
     -505.653149     -4925.580332     -4761.136584         1.074035        -5.310008         5.380623     73387.000000
      530.520600      5214.642873      4539.609571        -1.022956         4.977978        -5.602413     52074.000000
     -548.228802     -5403.296878     -4206.562298         0.997363        -4.717408         5.919874     51242.000000
      586.337892      5651.575586      3972.926949        -0.957313         4.374504        -6.097330     49230.000000
     -609.653385     -5819.249910     -3602.444361         0.944228        -4.068818         6.389064     83348.000000
     6042.428787      3002.863834      1109.585759         1.568097        -0.374982        -7.458803     36748.000000
    -4088.595284     -1185.004389      5328.012223         5.151077         3.198808         4.667027     76246.000000
    -2050.915049     -1965.128425     -6216.428016        -6.442798        -2.772589         3.015858     22392.000000
     6021.376617      3196.818766       554.831733         1.029138        -0.611922        -7.534472     78518.000000
    -3651.233526     -1081.694432      5658.277606         5.386007         3.505827         4.151585     69113.000000
    -2438.575155     -2258.609824     -5969.117129        -6.128447        -2.816069         3.584146     77938.000000
     5953.935787      3369.701776        -6.935709         0.501180        -0.887773        -7.558950     31633.000000
    -3200.611740      -936.993198      5950.769326         5.569256         3.809561         3.603633     70641.000000
    -2793.154815     -2569.415925     -5678.073066        -5.776630        -2.816885         4.131897      7055.000000
     5841.548085      3516.679838      -571.959006        -0.010216        -1.200109        -7.531248     70134.000000
    -2742.124063      -750.744794      6202.625391         5.699502         4.103912         3.026801     31444.000000
    -3111.065130     -2892.910286     -5344.459704        -5.391710        -2.771775         4.654576     70200.000000
     5686.258998      3633.135127     -1136.354140        -0.499712        -1.545846        -7.450659     79704.000000
    -2281.292386      -523.477831      6411.244821         5.776234         4.382730         2.425040     59537.000000
    -3389.185923     -3224.028006     -4969.833945        -4.978598        -2.678101         5.147629      7439.000000
     5490.698321      3714.740417     -1696.125195        -0.962250        -1.921261        -7.316773     86140.000000
    -1823.674893      -256.415718      6574.317151         5.799759         4.639918         1.802576     51256.000000
    -3624.934447     -3557.340791     -4556.157373        -4.542699        -2.533943         5.606538     40349.000000
     5258.053970      3757.534590     -2247.180026        -1.393116        -2.322005        -7.129485     72020.000000
      -82.524660      4239.060854      5292.119181        -7.623617         0.584205        -0.582898     16475.000000
     6441.878198       389.871218      2078.450525        -2.083025         4.883147         5.534739     29500.000000
     3442.781718     -4218.716127     -4046.045178         6.422513         1.502845         3.904476      5446.000000
    -4529.231965     -2270.832789     -4515.458982         5.387881        -4.423207        -3.179314     49345.000000
    -5720.556562      3400.005069      1320.760241        -3.473829        -3.576165        -5.821067     14189.000000
     1450.572922      3960.457840      5308.935190        -7.041405         3.020521        -0.326462     76616.000000
     6280.967227     -1740.584979      1869.806002        -0.236430         5.203049         5.628590      2621.000000
     1789.278100     -5030.740258     -4185.954875         6.667518        -0.711974         3.711427     21182.000000
    -5133.148456      -610.298933     -4397.357879         3.594908        -5.858908        -3.384308     14362.000000
    -4289.891670      5028.170267      1526.679459        -4.579740        -2.154106        -5.757001     45748.000000
     2766.465676      3171.071845      5315.949658        -5.704201         5.125726        -0.087378     17595.000000
     5429.034434     -3702.823334      1673.297629         1.563671         4.877213         5.706546     12649.000000
        2.684454     -5241.507541     -4309.083753         6.157828        -2.892534         3.526937     60118.000000
    -5134.675235      1165.765575     -4281.335838         1.471352        -6.618485        -3.569332      7409.000000
    -2432.172629      6094.758940      1715.284064        -5.119802        -0.437692        -5.689388     35396.000000
     3710.046705      1987.808074      5315.059308        -3.769150         6.678119         0.133815     31880.000000
     3985.080852     -5281.568759      1489.891912         3.108319         3.977751         5.770545     51495.000000
    -1712.663007     -4858.795988     -4416.749253         4.952750        -4.790224         3.352521     27763.000000
    -4534.926836      2846.090062     -4169.000614        -0.742804        -6.649354        -3.735337     41266.000000
        8.867020       -81.766746        15.718839        69.761179         8.084241       -63.581733     21582.000000
     -233.574178       156.762476       176.243351        19.351238       -37.132540        -9.416806     23701.000000
      156.014028       339.383199      -190.176845         0.352048        36.040061        -5.387249     67738.000000
       65.932541       -37.968576       -58.281295        50.072275        52.561595       -49.588747     13089.000000
        6.408097       -66.710218        -6.594436        77.702986         7.228535       -71.717392      4800.000000
      -28.560819       -56.914080        21.404723        72.497499       -33.849971       -69.594089      9884.000000
      -44.385942       -42.074860        33.634778        61.418417       -53.430045       -64.460903     29696.000000
      -43.782668       -37.406902        30.365432        59.896244       -58.876721       -67.329121     85716.000000
      -31.670795       -43.087141        14.394245        71.484180       -50.540526       -77.802001     50486.000000
       -9.643549       -49.317824       -10.447935        88.523042       -18.368216       -81.602539     21856.000000
       38.225156       -40.758283       -49.080224        80.215636        29.703857       -51.772202     82377.000000
      376.831231       287.941129      -143.899022        16.749048        24.120639        -0.630181     18317.000000
      -39.666455        74.906517        71.565398       -16.645808       -72.640020       -29.346205     13803.000000
      -23.023570       -30.863937        -3.780335        82.782957       -62.311013       -95.235738     83233.000000
      241.467856        61.029149      -109.120825        37.644825        25.461928        -6.146544     21228.000000
      -34.303185         9.778734        26.565897        -5.038025      -106.768898       -75.093949     14571.000000
       62.630146       -33.314326       -57.395357        81.885574        13.485311       -30.896494     65085.000000
      -28.220639         9.197273        19.885383       -16.612581      -116.238622       -87.145325     17755.000000
      348.339580        38.643045       -96.874271        32.384707        13.047410        -1.009416     25956.000000
